> -L"CSZ_US_coast"
-124.333815005	40.2665822892
-124.316347295	40.3553618137
-124.386397287	40.4491456507
-124.314097342	40.663560771
-124.295284619	40.6859079934
-124.164728222	40.900762202
-124.099221815	41.011681863
-124.159999616	41.1128211683
-124.114259274	41.2304029155
-124.070829279	41.4499773661
-124.054924858	41.5960032987
-124.127416739	41.7405429797
-124.216738936	41.7755464439
-124.238723311	41.8553725302
-124.252900028	42.0008476163
-124.335272943	42.1088616223
-124.407879622	42.2097022434
-124.422283946	42.3407898092
-124.426746386	42.4647819584
-124.431073446	42.5815560441
-124.454299444	42.6688300341
-124.570013822	42.8132032367
-124.484962894	42.9817802212
-124.430208164	43.1582093713
-124.385182541	43.3269343006
-124.269974675	43.518757659
-124.177629399	43.7970657788
-124.131168599	44.2643752148
-124.058847161	44.8566863244
-123.98360343	45.5093829174
-123.991813368	45.785183639
-124.004455227	45.9455237731
-123.961167999	46.0424420136
-123.979490245	46.1332151443
-124.051793224	46.2126043353
-124.107717541	46.2600440471
-124.073015587	46.4572784122
-124.095387992	46.625762839
-124.106835441	46.7068705185
-124.128837004	46.8401526408
-124.165951046	46.9211135143
-124.196895699	47.054711307
-124.218585563	47.1653227361
-124.247999639	47.2526172327
-124.330676941	47.374553002
-124.362535589	47.5284280146
-124.419096824	47.6550589684
-124.457253716	47.7403946432
-124.555407847	47.8138335161
-124.638291642	47.9222081199
-124.712177689	48.0134613087
-124.734575741	48.1115090187
-124.764630032	48.1863198086
-124.706342457	48.2395527844
-124.719930949	48.3321530127
-124.749603324	48.3955247524
-124.627702534	48.4091994779
-124.537702951	48.3583968578
-124.403900703	48.296661834
-124.236539503	48.2583789814
-124.103601773	48.1906926453
-123.885658419	48.1529974513
